2300
8281.887419114819 7424.047331825085
5165.961248231875 2509.8833206840586
4195.729426773431 4634.922398648642
8686.716463314073 6249.718821625636
5946.427421999836 1034.6234794666098
7507.109472418642 748.842805331027
9541.515710364072 2190.395650138667
6966.438334776939 9633.416238031356
8037.530260469099 8115.783223128592
4549.675794496279 6901.4983418431675
5166.749946994394 7310.1610239248685
3397.2830941936736 79.43156836781262
3238.7894616939093 4573.440004028494
7292.455465021318 8451.26343465852
8026.043848671357 8459.810749102973
1829.8930742628206 9437.453263262296
8416.995025732229 7542.932232179488
8261.128788887758 8625.91975460952
5127.619300302766 3154.7353097116993
8789.6459613864 8357.66678683373
6977.823245882684 6432.555209777054
9001.561811881595 1265.2349435622157
1959.5503257034163 7698.053679327524
6168.964305578225 6152.250045292545
9654.186941037011 2602.0537743203754
4732.015352213243 1109.860337041474
5507.762585991231 1718.394482422292
8477.642742071284 6438.9721713923855
4948.809793898188 3875.7626661052714
8926.501592380902 8667.370090668766
5297.275623916334 6074.804699057264
1132.7797038125552 2828.083118578285
9331.629899838672 2858.776287026055
1888.0370638074085 3302.8157115871295
992.3845077867321 6734.406007487467
3120.319946138874 2827.3088335551997
9009.988376733847 3787.6974503750303
3874.3221544947537 1314.9063431329178
5605.085733528044 770.2768309268515
7228.849877873147 5506.731291773472
2127.0807613395928 9313.016508197887
4008.195664092943 4983.161766360996
5429.746271685286 9967.139243662856
7617.490324386179 4000.7576756636954
6587.772903978994 4729.526092124768
7906.951537569811 1326.2409438751422
3944.655617020961 2700.962748916238
3255.8016464609464 6875.772403493496
4188.070400856628 7674.392604425722
2315.4590376424944 9413.874442129567
7664.598300797512 2113.3258584165937
5245.940544591702 561.8449054111396
6339.442597680397 2406.1824302524137
6956.8229830416085 9965.164689202584
5509.540813820796 3329.6145702397484
5421.598935172678 1790.2688507645437
930.4326374640193 4097.3051417854485
7850.586804085053 5533.445966401189
1933.0789709565654 6125.389601808192
6454.726766215864 2013.7308275013154
8570.105809148485 8246.609568878008
8967.835144510867 3588.2373619107666
2642.3848591926803 5113.643231706815
3475.1109295552506 4315.488088517696
4130.040777084805 9754.692978877934
2258.25515987671 7940.433958690942
2448.4221124753826 5851.243848181383
7843.934956616939 2734.2636954749623
7680.725080014271 5873.084472206847
949.6659727598367 4953.40311557172
2876.098056405718 1930.627177275257
1934.5447835874752 3748.198913731503
4101.262723415311 7453.986026962088
210.7327886822241 4639.852450479347
8796.150871312317 924.5815256286804
9930.005687608378 2210.328763090307
9957.351175851667 320.48468247507066
9511.833431228832 1659.4990317118263
4488.790498407382 5715.208137725737
5978.546125827604 517.5517501309546
3123.180934953568 1128.1911345476635
9388.728859946305 2135.1009862442584
5697.72727934039 7469.847757007791
7854.572223482817 9476.28086725801
8841.2157047644 8021.124729308192
860.9434970274965 2956.646243067136
3600.1805820165846 3472.883937172058
5050.46419675967 3867.7461327707883
1197.7126117007065 6004.492723059897
9939.685620200751 3506.709767870558
7591.938510789125 5292.044637023715
2096.979196840664 5352.512198410593
8344.392085157466 1172.0029557038026
8451.845925049036 8516.338021759522
4292.181527471705 900.2536472266876
3637.50172896409 3808.3684587617995
1044.2855265936212 3487.396812508985
8511.018500428454 267.817902100782
586.2350410407979 4788.550903615124
4268.25161099025 5431.632765115329
3205.245095042589 8957.452383990392
9201.64911082663 6158.821921970304
8955.99876349838 5061.149122553687
1741.0864999782882 7315.9567300851495
9647.797942269097 7872.498637328023
6951.009380039943 307.17377939150083
3006.598134340125 2346.247437398554
39.63805230254969 6197.831988672392
9763.942141935291 5821.912531018431
4535.663969683067 5490.011796588054
844.2428004956404 1346.0914188700435
8909.703850698279 5098.15841210234
5778.162915349576 2928.401750722546
4800.588514365919 8837.000823814342
8219.788954150868 6665.267176598536
4351.643320087257 7459.153804790367
7673.72701652012 5008.482959335034
8319.304288235158 5542.729001744494
5149.6827951892565 4283.000027031348
8928.27502824554 460.2270481518367
4340.405337508826 7763.7799587201425
2199.667305146252 5273.939444652365
3439.5976532556515 252.66717125667526
4126.306169397824 3488.6972650473435
9903.789634398536 1928.815425158501
1451.3960644715107 7056.96039640552
7394.3679231834085 4290.046712328296
3163.4772716365355 9062.283245306335
2113.1620627587276 9524.479190266698
2728.799708817955 9342.326349537212
8492.253489298604 616.21709634893
8676.81603598473 2922.8316674076714
5979.199925748263 4708.834478199859
8582.921457807246 6455.328898349863
1502.0526797720213 7517.612632305129
7550.83552850033 939.6842867214561
1519.4258655044491 6842.293900260118
2641.0093623384523 4209.166546606342
3633.125605374564 2925.2189870096713
2771.7680223733587 3167.4358814571046
3286.7539758986795 7122.64147207575
5888.680154261513 4610.8920616186
352.91598662326896 8674.85046292925
807.947683414294 403.36200513770626
2453.314580174114 2122.654007136443
2068.2656332516935 3312.1337222468683
6497.913911299797 7012.442865200486
9100.05894808898 8088.200287322029
7326.116421005874 7578.559272343976
3481.8838994232406 3466.147493700108
3611.394207289449 6725.034023961462
5581.029530667897 2083.6851227913157
2760.4901310371533 6377.947640041649
188.92012547520042 4424.694751096117
9671.915164783748 7614.669730803051
6834.280932225345 9353.923988343684
7792.468012356562 6346.963183420527
7191.846357746268 7726.987870464845
4730.7947944520465 4631.898810613762
4155.675290101069 3371.135678473318
6484.589784205746 1168.2742782941457
537.8860374727601 9976.16838752559
1111.1368614879868 8141.0139090174625
3862.541249174222 1626.8293186353221
1660.9575399746402 147.31137452094535
7704.143622641568 5875.284458272257
7282.5475377064395 1593.5492403106998
745.473601475748 6991.396964489043
2321.4347351536358 5377.368442407109
4056.156264859796 3554.8355105954997
461.42802915181693 6097.740147799879
8629.948802698987 4805.357015029102
2794.1520888951377 1808.852918826116
678.9923474855808 6180.959011194198
1240.2073548216897 8901.13508149414
127.48171754995874 4253.830754234636
9016.510245847094 5746.2762060589075
7229.970607406771 9289.443162154797
9497.95199474022 9554.20491595385
6461.264024011428 3736.657488353533
8896.889092635178 9796.588230377076
4808.700356379462 8108.845251042094
3129.9530406748268 4939.0336799931265
5343.333331262552 1220.011825049072
7494.301268292581 766.2959424716676
8111.9252516337 7875.077448059394
3526.103421675705 7917.372821187163
3446.6658186051723 5352.504405324612
1488.4786771874458 623.7305242521174
9194.38382148051 1479.710871312584
3924.1611793245447 7912.115754559134
9477.607043390308 2909.407083584049
711.6063478389157 74.11197681257198
1308.4004053372644 5071.0012458438905
7453.283017951966 3596.0694081949964
7439.322223842324 7416.675178235258
2285.501489095978 9963.6312103556
6669.888889012535 5745.519656010104
8753.09904452926 2814.5918151287588
2843.6765681192865 2854.7247613198324
9199.87158035366 6849.891403584027
1634.7779398444352 5082.955883195109
9085.098518182673 4246.0587894164055
2395.2830474108964 6720.799962177674
5264.440611892751 7014.614111767078
6682.127619722756 658.0676805947705
5322.163708473046 2051.553512913725
873.3721908287562 4518.117859015098
1408.9463439696638 1256.0750758781912
1592.876955946617 204.56330956981628
3413.36133784512 2865.7348398076033
3175.1830085005095 8613.380983150293
5391.566559072464 516.5476820329484
7261.686074251329 1850.3849959994934
4710.705602476166 45.307068014468484
1827.380447901692 773.5121962733426
9135.228270766906 48.428800812593266
2280.114329797869 207.57725411351458
3867.590124629262 6135.987876325306
6363.637906165549 4914.987554925449
4790.041250491939 309.5855345680421
5530.08547371989 4695.244680870626
6206.808640401124 7534.338767825043
9164.662588651641 3073.6655150735814
4028.488403902536 6683.0782369328845
9672.267770319333 7656.815044544246
8753.05147795697 5924.541678825384
5640.871625679902 2596.2913670939024
8409.015705720642 9743.034661403031
548.6430655788376 3495.601058890361
9971.185721971808 2820.3356324543415
3525.7975038932623 1443.090240018806
3499.64924255363 7449.447897046209
3843.0928534585682 6822.05311360731
7922.894108153267 8000.213830212134
7015.442533909767 5083.164455395215
2490.3305821576027 134.3235913409957
2902.6653771457213 6838.538529642879
6108.708072292297 8568.80301132175
7202.922659267747 4659.049793862292
9873.536675760803 6938.894530032274
896.3601883067417 9999.89294253645
9252.491211457424 9462.557128473718
3618.1578440788044 2461.2105242998837
2014.067403656693 646.984582768505
1456.3594327867756 3788.4518232299956
551.1027151040315 3253.2197918783922
4444.699653200473 806.0368300150889
2112.4650751889662 122.88717022853058
3337.864666528706 417.77205986908484
967.9676370852752 2635.822041402995
3839.0837386024514 212.07861601367674
1725.800273499799 9070.019618269775
3652.819482871422 8227.766106904128
2134.5160427150313 7467.113104310408
6610.378875913625 4708.3483864040045
1061.7470285197683 5543.677639164994
3016.541429590166 960.9688438784136
6709.103887600667 3716.064414579078
4631.769393816096 3852.3388740354535
4314.640919184955 2407.6280425220943
1469.757883415841 9580.394917095
6313.871815443549 2254.7990164835187
308.83910812735894 6404.576669926695
6073.932689230991 1107.6275292404814
7963.159068669588 1388.723744157775
9074.321945291482 9070.592685078562
4309.6229658106 9852.665129674308
857.0967319357603 9134.311666875958
559.7384494517831 3936.0040616544425
1112.1181446889982 5377.70910357656
4505.213782320944 1351.9841998601678
3258.57496794982 3861.9580723191225
157.50282309523135 2406.472853323941
9279.954818758675 3625.6289799159213
4736.550414501092 8838.86911095613
1177.5144244606117 6219.25750164827
2965.6507931976926 4439.913667209362
8041.9832738833475 2564.30471697874
6421.160759670199 4580.50316764929
3834.7846203880144 6329.030254604218
690.1924216780864 7887.777335614229
966.5363197515775 1343.6634587333317
8408.704657373131 4885.641920934988
3838.541766487892 3772.540340839565
7803.877668707846 4393.850861772936
151.95378949054427 9469.695685991152
635.4682953027468 3312.319396028716
6668.996763937804 8453.19943221283
8999.612012660064 9673.209917330892
9768.757807837577 5973.59962463363
2217.7936518539977 8575.918731597041
8768.026149769663 5206.399525183843
5056.729074738925 1328.7083149295188
6205.468430989656 6839.969752325732
1030.7932112855722 5205.4437470196335
2947.226237439362 8658.027173699844
863.3795739110927 9937.422020657361
5586.848746530452 4055.844512096947
2718.3971395904605 3498.034121409517
5184.274257056697 4188.934593832026
981.024716294755 6901.088058910479
8825.367985725292 7175.703532743698
7700.592327998609 5541.115003239148
4531.726384675613 1534.335369146208
949.865054538579 4196.68443485237
7604.246519702889 5584.387842100537
6460.683745121826 5396.240075023497
8451.863098941556 6684.788003997139
6748.574339523086 6254.806992140705
8960.54652593578 4889.970154930445
3262.420520202405 7083.223006176571
8366.635561123416 8473.488860940759
3059.1978382899033 4493.634653916846
9535.435046913777 900.4825969117403
4741.836418308848 2317.0910741201724
8481.091918665452 220.54487476885433
1592.1640530072489 3221.6459730871347
3109.242655246609 6296.218246259793
8519.470688622467 265.85579851076125
1215.661959979607 9375.071525310514
5732.224423891068 5794.86742040717
6010.906772360049 5637.652379756371
6381.207305955533 1640.3913473151165
9481.93522918321 1753.8928205891714
590.9762129421314 2117.7415347847827
290.43775226861743 20.882353758090446
8186.619460912889 6900.979733121217
9650.770425997445 3989.0148924105797
6398.203902666688 664.1921369506654
2734.2992837533952 7509.673524618275
3294.390443620576 460.51339307603746
9726.986300569995 8076.18520609774
8172.317101595065 7588.944608931134
1398.0967002400546 7539.444802781508
8027.0370063381015 5743.651111420585
7255.4323940208105 3.091442587503934
2026.3512318391086 2701.1101056287303
3697.7670999288493 32.19725226042858
6831.382107154966 5434.121733534545
7851.996021737317 1651.5382857824868
7656.159676736131 3533.079318960459
1386.47182271324 67.47433169769113
8440.193009002685 1082.4779204764468
4118.77201491167 2042.9563512837235
3772.9963627353345 5856.442376354536
2228.545644938699 8150.702415405802
218.57685582132856 4313.722200200856
3001.9542110093676 1860.303138402306
2817.5673594237414 3708.410048033144
4001.9791420552574 7825.225520776041
326.23532231267683 8041.62959649283
2983.97066546647 1677.2777203368505
766.0871115342793 3973.7781573926914
833.6094768465463 8984.129250543108
5446.6412283121645 9588.70530927362
1810.2621725035983 1645.318645295739
2840.8045587316387 7814.551357169978
9127.79794312417 36.192894758970695
2105.541805182156 4371.91839155521
6629.412923986873 4133.28428410358
9708.995893772622 8537.113805752155
7571.1890399668955 3034.4967765368124
5762.48526212403 9276.668869829862
6863.322107632226 2423.5295783574975
7082.70368962705 3605.4815146517294
6248.089160531715 2741.768832239607
2917.1700512978105 762.7805649349184
9276.111477473989 7430.443437885904
9219.03854562411 5383.465654572035
3454.0826676970173 3096.8147820631466
2890.720292737199 2432.9691997442746
3782.028865780288 4572.631975940734
2619.792111041841 5239.616512800817
1035.93805668861 3789.8624891622535
3144.1134520080905 8137.649519664627
6449.6873303021885 552.6170951805854
9072.542027422067 8816.80976932142
7511.617712007659 1800.1136932128281
3204.5363154780694 5145.641757231701
2750.491216994978 7282.884299409879
8476.992355108958 5057.844899698298
3110.5585571348392 8062.42547246782
7042.6943077762 5503.884227614028
6863.981600112112 8442.685005153575
7210.214964086963 1932.865624752148
4555.114329943486 9398.392777063787
5818.57353206492 8644.30377350661
7352.615252935413 1614.9563297911118
8353.250501614439 3119.8233019714926
6076.89066982493 3591.2797520428308
2888.495233889926 7376.31658990558
8248.36697499573 532.3721610506083
9578.71382119829 2110.369508437986
1312.6476228957617 6087.486370379292
1810.199570364499 2712.582690406483
3340.496421122645 5767.7954534252085
3340.939997246448 1571.1356186086778
7508.449804927686 4119.49103593919
9823.391266526938 7992.590762570525
3208.7530436435786 7355.167481114475
4896.832622644076 1136.7689994776986
9894.644880987164 843.5067089559356
1067.4582383031218 8347.08451953828
48.03341444600817 7422.285093809023
4171.215128309333 4571.001315468878
6260.543113332059 5175.694156605568
7315.524335771306 4086.2203765899376
5107.829971211072 7379.097432917498
7336.90400620215 3095.552071951906
9654.642079826888 4659.680240483132
2758.0634011003367 4346.182367488277
7750.380779950836 1013.4876145893724
4293.5378262928025 4678.046768377812
3857.794408805001 696.356928604569
3996.687470771925 8913.807798874486
208.0707138969462 2660.7796576909213
8185.672533994833 7309.111918634556
2467.61074983055 5457.850793268507
6607.604862601479 6301.812317770906
205.9518084176093 5859.124577114656
8497.561030546882 6849.942691063521
5239.5279924873885 1242.851672555435
948.3655796005607 2998.012413048303
5208.195743468947 6719.161288100308
6998.191161248295 2836.379662511974
4701.411721290978 3392.6293774653914
2954.4734221324197 9267.893599671574
1422.3527873316143 9371.520507404555
6304.40297093775 4987.823387110461
1523.0313108482917 645.3622854662689
4239.677846250791 7138.226002924811
4340.382051504002 7368.945158304618
4798.7121326599945 368.65258407583036
3897.0869228522465 6649.166654103396
7990.036428124439 6074.031601219493
3199.682668346897 6515.095803121058
9136.973148561643 975.1620401936311
279.6360591670855 8964.525087706937
3887.466860740104 4877.968122404095
2453.453149358362 1931.8215776467496
5686.873996346644 899.6626261624963
745.6187049597662 835.7853029124229
7143.958893639494 2881.827539701013
7947.473235214353 8324.615313336008
3903.1838490278383 7815.157766858647
6415.178440461397 1642.3679991716356
4473.078693198955 5272.149764906434
1332.6027726606949 7647.627189825361
2517.649285597281 5580.197007130387
8623.051990463433 1927.166025516236
7903.421491205326 1178.8395607909629
1019.5455777232953 2001.277173645768
5557.545287849836 3235.591399465655
3735.395757261506 8845.980323262884
3188.9587888390224 3593.1257528749784
7666.938909320244 5710.573562091121
309.2917248163618 3144.406617869666
9051.695922453015 5447.658784870858
2910.0514579426263 6794.934189126719
6649.743095269694 3540.621193916439
5886.6488454249875 428.33805522820234
4022.779628476015 2476.99781353823
3588.419639866174 7379.714926496088
6331.291930758454 6723.082090787318
8051.9853351753 3469.4928938135126
3413.716827926575 8420.377311615226
9035.046407029287 3817.5724119391043
8814.449709041659 3739.263463870749
3830.729955562904 9142.720536101127
199.53841321437739 1501.5855554941638
3595.437995238925 2347.3853889788234
6111.770586871396 5679.108900075773
3951.253326249049 6248.915143061306
4648.302633261068 2854.1060899118033
9759.021905189444 6610.535609717694
338.9653710393792 8710.622449348304
181.15067384964044 8802.7705996999
9364.495706546417 6202.64020648914
8104.078450302777 1847.7107660601412
2514.2253919819004 9729.327852921959
1528.595909765721 3700.727407794775
5559.182853936318 3077.1331075597354
4447.704253149396 3943.9894012540253
9080.107922040523 2010.49122824674
4112.26243248059 8162.115693343214
760.3807820000375 4545.106421665186
6162.982529599498 1634.6571120514252
1387.4129540412073 2278.644583711642
7825.304418473148 6877.338291073836
2992.1952256188288 5546.3404946224
1379.788649963335 7029.013608524108
8362.221446670705 4042.4327731498042
9062.677552523292 4547.581565138852
3648.9748185041326 1311.2203124848388
7655.686521987766 6145.760863943168
4342.413840503286 6896.028495976398
7108.425689561938 575.6018754469538
8599.610976036032 424.1929565599622
5876.742667151855 7342.975172101857
8727.985875776645 5831.536677292829
3336.443228523169 1002.4848908133199
4576.667445247684 560.945325095924
429.5874018816315 8098.244401711429
7611.088305299125 7412.881499529236
2235.201830085283 4423.7389695689635
8536.954256369976 4344.120488088826
258.5044634847833 6154.818799631422
7422.755872453533 261.3411009817501
3677.87247401003 9771.148070315385
176.47076407597106 8656.087840235483
7653.698143907105 9663.153768917953
9707.654072508794 9928.127386984814
6436.049048878729 1226.407742036999
8479.644524479416 1144.308282187061
348.7663693989196 6438.879404261564
4419.269871770432 8196.748999574269
2332.3804878572605 567.947696606893
8287.22333556946 3599.525408561145
6134.203508662139 2886.4859477502237
3902.118596681431 9252.369581474512
674.4089975435796 3429.631086595172
3565.97271066331 6347.848558623951
3670.1541724663057 3568.395164973868
8434.606932529268 2139.6962996448133
570.3811621515409 7227.429222630447
2443.887845324553 603.7924961564988
4919.634812599847 5683.1966275642535
4519.141376371544 6718.558829288683
3254.653384206733 6853.874646548131
9589.824813212483 1841.0213846094548
6956.4892960160305 8694.46472798225
9968.75102690425 2427.652999909783
8985.42823461508 9959.513589743025
5586.871729935344 3404.2543805551218
565.9938516969776 101.2417594558923
6966.978892091103 9709.605789666717
6255.9171314480645 9610.405804797556
2355.9335523523605 187.71358851867203
3920.9220343031047 4125.7380866195845
388.5369398332128 8556.957877170375
567.7532192469104 2862.365403900774
9830.434631665743 7090.40565937578
3683.9952206869984 2990.3880869408626
257.39551821019614 1629.823802854835
9672.982890668973 250.50290072852422
1173.0133902208083 2761.2349885141707
3233.762605591525 1597.1819364212304
407.9135483681318 2956.3553207128734
9063.915973102272 4837.2517994652235
2484.9352270543036 8843.845136096861
7732.887483520908 3032.6535521253904
4896.728251726083 3370.4994620333773
3718.8112436654587 9364.014730877712
329.833767764639 4077.3972741412676
9437.645435322884 970.5650984626246
6396.531861362627 7305.740416508698
6716.933934445197 6673.986870444309
9559.315921189906 7578.082069071771
970.5502078481231 2864.0354251958756
8623.930727481467 9997.629549466683
6301.63834265354 6995.506810359042
5534.884997468869 3069.4335595046064
5670.558233307743 303.7121755384475
2101.4018790594755 6387.524855027238
1312.9370069300605 8415.556153215859
9468.761056231748 2798.4607436001306
4390.102627680164 6569.174085544519
9341.560193097926 5298.311122750355
6285.468382033495 1512.4970743226195
9540.167141747184 2368.5222040123244
255.36621158417262 6864.226135602471
4677.02673000073 416.4578905267946
7403.270966574006 8014.355800056052
1987.8505066508123 2862.5913775095337
3997.530077343525 2748.4322222583633
6208.237065405991 1169.5955158082893
3320.5423946013434 7178.46148356691
5003.5690403648005 6834.389260536959
7695.2763976167535 3955.221176301158
8806.934799043607 9711.048976321938
2062.4132527257657 9148.210970894399
7510.337893070612 7750.548486080576
515.4120257997197 8407.720096456227
5129.131076728628 1656.0846059275468
56.99500430461413 2160.672403983542
3441.056571153933 6449.557434862398
4819.616970527027 759.3798728341839
3010.3069472611433 2046.307097956186
6912.774513412808 8129.223502933086
4381.117357001727 7320.927796989186
2288.857024635176 6547.406058574688
7613.177872454728 3271.8003762957514
2517.8441216980686 5095.757150453019
9379.487876377818 4610.14042151556
3091.573516978048 4486.160916889652
618.0779214848397 6322.558190437632
6388.513016681974 5900.537061548816
5497.877617304211 7620.281483938651
6409.545068224182 550.3167249383456
1852.368465012305 6925.287666408284
544.3480798791378 6221.935889051007
4974.818744557129 8096.095096453869
9817.81382816498 5712.709068381586
5516.6671243073515 1031.9024403149579
5641.578556145498 8416.974997246449
1421.3856029610683 8116.283610004885
249.8412895803104 8211.745295796838
9703.797339980652 4433.474061015695
7466.6447299444535 4274.179981308573
745.1443485198106 1263.8429539921515
9503.60897772242 9704.292978926276
9362.753738598867 367.1196099857366
2126.7513248531955 1809.1060312128893
687.8847364128704 6218.281481743925
5450.678695616771 6632.090467154649
3309.5826920730888 3385.398864813198
3357.5622023342175 5997.77618150797
488.36063541440654 2936.0819394575865
6129.644476751741 1583.3261287997213
7408.946575097815 1781.181282444575
1879.8397318508253 468.71882954194757
9390.08900710109 4224.312737438564
1553.190023025599 473.6264011730917
908.2178075895098 1590.2736792058424
8935.04780441226 1557.7645062551671
9102.927359527299 2636.7101264689986
1855.2769375813527 9645.663367653535
568.6245135567381 7570.0857999935815
6147.620418191965 8710.58271016933
7265.109848686775 8774.546277949612
3357.2507655948903 4895.545582464789
8608.15731436207 5169.249417449095
1784.6431110684912 6544.2446578021145
5984.257290819 3569.559227740057
5218.32565468579 683.9532013992078
3613.9630483529995 8950.820484664619
9587.790532655987 6215.667784032032
2549.4881958752844 9764.148505533502
8399.9846572306 9946.70177740118
1764.191187449009 1783.9620182574579
7035.270655534762 8283.754334459612
9514.15152785854 5301.601250815578
7875.640447063057 1881.7332490329763
2616.1712783227886 1990.9547325509836
2534.955958004399 7350.667261619083
9332.407277321829 5423.520483829806
8573.65412318743 4419.62466837137
9706.672618305838 9583.823405787705
4839.32674922538 8792.486827397628
8611.122572341246 9980.747202349017
651.3966008656757 6902.518064998625
4342.471264617276 4846.760639152714
3369.514286993656 3747.4869833009016
5239.0937678436985 1647.9110162774057
5948.855485818408 9221.727451118873
5474.332894328161 7042.1216686394155
4248.4890100756165 4483.558455004534
7221.31274322971 3675.193128469003
4937.0183192875365 242.04859795377453
6435.66192478787 2370.645286952774
1386.007239029805 7998.5754652449405
6836.538999367631 2467.649277645775
2909.330397546267 5195.940009808235
549.3033219281896 7635.794390401003
8045.353190120926 2100.4103323267354
6162.316432437619 7695.947862863207
1118.8943408970952 1002.2215063461659
9592.19929536903 5048.339291790384
8205.30976630749 3550.7696523197706
1473.1360150054174 2166.06516999598
6390.5342281010535 3015.4659125053995
3361.620528831809 4032.470162443049
9508.042959158844 7858.190492855342
9585.043437065247 1201.669523796013
3912.169569158347 5436.161036121454
2035.939937486516 9593.279318824578
285.16513972752676 4159.343086061093
8981.706910109859 7059.782460158619
6705.829606109917 9441.962638189658
7587.717349265467 5449.28304642708
2212.880720869914 7922.006625469053
3180.4251275836637 3268.8852548887417
2468.5145388182927 1199.062943839565
9817.194847792029 2554.261149118383
690.2710144087765 3333.4076434148465
7976.8710538347395 3029.4693978288847
6361.591991032826 9820.835623389716
8984.309770375241 6349.096060836059
9862.355774592315 725.6952513309623
8359.286760791756 9216.447701034383
6594.281402652123 86.3540471861346
6561.364129578707 4244.287723548402
2840.456972889596 1887.9761071277524
8576.842658056828 2490.5244057600394
7948.442892315776 5615.943817489165
8233.851080569442 3294.1035587593624
6673.479084263629 8923.684412491122
7820.389826399413 6302.384125839229
5739.753785745461 2078.4008439997683
3913.1600192998085 6386.0444485904145
9361.84960593976 7855.502302391364
6251.1322187431 4151.2935626373555
8016.79848083838 4716.471517598965
5382.311994948716 2546.8180442377343
8094.395892970058 6526.380477425554
4867.360470817888 6876.10742892205
2485.880938984214 6696.624399967076
7952.698051302462 1715.9623854288309
2085.4919609888866 939.9661881152377
180.76871673973315 8417.770958362633
8500.674962479006 35.47407013934745
787.5572279589105 7180.0898194974725
763.8808237291062 3002.4876239774544
6377.114651229431 3925.440924678365
912.7269554638473 8780.545338769707
7844.532887667689 7004.944038420781
4526.911769819946 9637.887355834862
7217.64902335381 9172.12221051106
7333.372421558607 5356.098416503372
6789.6799835518295 2552.9482459921082
4258.132816237725 624.505782398066
385.6838644738958 9613.025090106932
4019.2849387521924 9078.087609929462
4616.908166821407 7107.54760647489
226.88814871256736 3244.1059176484523
4529.77804956043 2563.828732512151
2132.61563434165 2980.801122564408
4557.712470715074 9860.296968250124
9353.252276192225 2914.7767009175263
9837.270133144511 6049.171967399758
1348.854309062787 9879.887811225564
7741.94322066488 4519.4184964539245
5724.371269984797 8692.160366765596
284.3776678626331 2960.9910969842067
423.4306436828639 447.4019310133848
8898.763748169427 9898.340438533227
5270.767486945525 8716.23877935649
8238.33915936213 6622.729314974684
431.5901120635479 3130.1856088566483
4019.007234401575 1660.2445457049964
6607.094173761241 5472.2434689171205
6869.279236882338 9071.70159970359
1197.5885927511688 1797.5194290786167
1856.0232644214348 1044.3851172716868
812.2129887021456 3417.12816798861
6388.894970333664 9045.645060247629
5913.611213590909 8664.778130776484
9789.544146823606 7859.309212408869
2264.0825153777755 8939.245589113858
7581.427785167905 2092.073734291527
1788.8977467113277 6699.913217575818
7985.698842257381 8301.03837383798
5537.932361639457 3163.9639918198604
2533.92963856929 3239.601538111668
8721.333808864098 467.66390607517417
367.8383433315025 9083.424403055125
2972.0173070880405 9059.21978843917
1901.2701686068956 6380.395150926412
504.0006706554689 1747.1510468160745
7550.942497551922 1343.9297618663427
7444.842360081319 9212.90738902133
4886.22611073913 6760.002055409153
8438.493511628943 6342.8100016495
2041.1328517718873 5856.26627177414
7336.270713366732 1941.9974573144216
9036.603030873934 2231.4320829320477
2187.8708498104916 2551.6547887816255
3987.139160954475 2773.3163268962658
8533.47800470706 2613.509300523077
3424.477699644276 7751.662497035491
5628.894664582246 9533.720920937854
5713.334779917171 1522.9426551384295
371.1776505051223 1931.625881634207
2054.4610054425016 927.1259883308203
9385.915814597942 2119.238086459776
5241.370233943024 1558.6967179930655
4659.577930456466 9579.704046124309
9021.815607426954 514.2822755354571
4064.3001040495374 3647.2545129167956
7599.535801140348 4433.903417277225
3903.288528331962 4571.560180125875
9847.326981505275 2182.9959565608483
8612.63923380678 2316.455074874334
2852.8417947772823 2928.8288191944343
8676.629650507386 2892.5175529326507
2862.055235268013 3969.5941610102313
4401.39509192115 3694.533893853722
4307.4290911505805 6087.025173187716
4228.5092423595615 6751.178126930303
6789.386704835467 969.8082338819802
8072.106948755494 7308.864361746065
4906.352517368121 5442.991887976342
1977.0034414366878 6779.657436205581
4392.525664701068 575.7911289797413
5104.636356996616 1686.4627177886105
3527.2391737241937 6645.58620719147
3015.500084706637 5390.509018769852
7806.218166338073 2230.9828837666255
2153.7002038888895 8683.438371953709
4565.762238658324 6710.240741794902
283.4970779542756 8383.774313097463
6086.606399190706 1733.9995842947242
800.9988115771771 371.12652825690986
8386.299528469975 3129.792144179493
7426.532247685041 7509.260434815495
2.2918838172292233 294.9090987783731
3566.777594592062 509.4713938079565
3089.34851495141 867.4930589059993
8550.206671149701 7501.305215963286
3386.740432404306 2880.3717428397545
4660.530824583247 4940.906305739422
5087.697500036424 8614.916844337702
9838.911504918451 1468.1949448337562
4073.7141733016833 194.49851771809023
4965.027626787869 369.60759526154965
6403.176922331406 3324.656599519802
5983.880368696101 1306.8181358886854
3647.404041131694 5919.036654941866
302.08377770489017 253.35181170957455
2836.7414508426345 9304.131509652158
2197.1294449017587 5510.279482621788
5911.441279538443 6558.8520273548675
3366.7609577854882 91.72774676132201
1112.360027702065 3325.0647102779617
5065.131158784073 8025.875460065776
4821.780939044587 2070.7753277662077
582.1887242100165 2001.6837368405393
7607.377077933758 1575.0075250203722
8327.202841256678 4567.379564769629
9697.857660668486 7347.668382860473
7916.099912960045 5753.620822263594
1220.0295857725453 9359.49012956548
7765.981802332141 2559.060137639946
7200.493545957228 1573.240744986173
5932.782419668193 3985.142441988262
3513.7387856421064 3892.828557360595
3364.7453326688537 5975.376132542549
131.75843589665394 7001.399728187799
5055.799299714816 1931.0978819491543
253.58916322096525 9356.249715436063
3849.3870968362253 253.33659685209398
5192.750794852911 7819.821577244665
1344.0804586411991 9078.447233364841
7514.13557889842 9032.82466456292
4983.905326139221 3362.5393411037476
7911.340116383446 2400.40356385769
1907.8144493817128 4323.710683166024
8656.796894740448 1103.7137427352804
1817.7750109764013 756.5967161486898
3735.6049431725814 6050.38343153479
8339.9471345915 279.19562964982435
9244.162936630712 9653.318892049418
4970.246725207763 9879.022765209536
8932.61979354275 9170.660907732456
294.17535529160153 7043.258664541544
2243.2260889353984 167.573258789937
9431.981176337207 8431.939107452068
4724.691312389879 9187.267068651181
4664.412662258238 9076.435835689908
9121.321050780849 426.6155155763418
4657.992419062122 9892.887256463468
4392.585605476973 3887.7803440663506
2207.93475344795 3115.0947824856057
7391.448058240986 1606.8797872952766
1005.7022516438075 1467.5265915570901
3648.9756952202656 694.1578892655742
7413.22444459756 4925.059373821168
3033.5209043844116 2109.427268665288
185.3317214173289 9592.127143789367
838.570917435395 5554.916526631778
5846.172946955316 5749.0763017391655
3065.246685847728 2219.4414845472465
3220.231700379411 3748.7746892409814
3480.3254864006685 2041.8350308672962
2105.192477740583 948.5118904801349
4875.6737100612145 5827.155356560235
1053.5225493341281 6064.820932365234
4043.7604605221745 8771.783687168945
7696.652092633163 7691.594201661072
8911.141635305165 2851.0889874106683
7992.092151966483 7007.054711929281
2549.8153406173883 3277.171987432297
130.63821492686367 9467.204371118882
2261.4132269862052 5129.025028919435
3798.588435687088 6104.4323279034315
1578.2640943834458 5569.76204144583
4278.883565594861 2261.515332471736
5969.228179661579 3490.504747466385
2171.0978445648675 2239.72130801761
1197.2008975745396 4114.148463278646
2550.445339120141 8878.793027855068
7009.143135841393 1544.6656188824704
7029.94403972077 4450.430856592239
9256.06476334607 6072.387787999739
1761.7917426119923 4842.967981175848
2109.2544455916327 5005.860788240934
2971.8133054739983 3157.9451578393714
1375.880006546597 1037.3686998243247
8491.546586817374 3964.4384715186334
4852.003641450258 3850.6459591008093
2687.015350696472 2401.224751870167
9693.297513907624 9180.803547749789
6556.902017918118 8163.725841949401
5255.1404366811785 8153.41593599216
7913.62700560664 8372.035697985331
3284.963311074123 6665.217172265816
3990.2352372645832 3260.1444525507995
2158.157274998953 1128.4201281992666
8481.51502784359 5449.958976827039
1104.5332621049663 2581.076613058333
5055.699290999245 6446.3657440857305
6069.552874933211 9376.497542996798
4225.8712640193 2698.378832979651
2542.445577281587 7542.157140980506
2354.659341421563 4458.315763313374
7107.002549681592 2976.2669147629385
6128.662506205934 5492.513781392399
5352.392200970822 1698.5221534542993
3801.958572367329 1124.0264151833978
7285.883777062208 6353.68578127382
7943.3795354791355 496.3024405112371
913.2826205440336 4458.724232815846
8333.098881291136 1904.8192026632105
5777.835275644989 6798.568639110175
4890.097094388198 3585.3993610199063
455.8567978260664 7472.8988912368695
7240.4926747726895 9447.933634609597
3721.2129463780807 1565.2996954768505
9075.964387363629 1319.8275747904897
6060.287968943046 3682.595673715123
1025.1746106339099 5820.239046003075
5058.349447305894 8723.549918787523
8925.339879228237 3512.1440170889873
7023.749174488671 7266.8510101291695
1107.7755354025664 4592.366683341857
8381.468227554407 9533.302835725515
2953.196577210451 842.7915985778889
9538.799731735278 5373.303600838183
9913.985964840434 2589.4163358375276
3666.38865819918 5528.872775171968
2714.429997632928 2676.537468832653
5746.456331318585 5854.596531540204
3486.375632634201 9991.819230561083
880.6763478737212 1702.714397093581
3555.260684403242 8995.778142481717
9143.416887702784 8414.811113942606
3577.277250453088 4498.108219603761
720.1310779340553 9200.997368493123
2463.927908513984 3183.7377012989687
617.4150592240013 1170.0360973514323
7536.751150219192 4443.479818456359
2692.789136883934 1531.234508753142
398.02387729703014 836.8809147406641
5100.477270721753 5370.004321763408
9043.873433759207 1979.1523107846888
2507.1983980890177 9600.549968168922
1535.4433283952817 7280.215255674001
6740.443905893885 3650.8739791823496
9231.302810342506 1706.7899872434666
347.32666850432526 8081.005538534012
3684.1331803617672 7511.225981529121
9566.690267055706 5566.553474478257
5802.585281273525 6863.966529396928
7110.621826193539 7230.370300268494
7221.5166727939 562.4936637251532
8632.546610048033 4960.803931631964
6939.171145421521 8065.249951261008
6504.380455000721 1332.5990377047015
7103.716645979489 5970.675806972629
4428.879429626813 2534.7320785738416
7157.069956599967 2772.2208023584426
8054.0027229727575 4047.7312507812735
186.91103659203569 9797.568252490995
7997.217355652045 8009.851794636028
6287.517353520409 8983.75783928819
9445.744109426605 8362.051429563515
5902.360386195101 2376.1629851576818
551.8742425297785 2298.929122892532
3531.152173412283 4034.572129692583
2297.6400601856594 2939.5530382128563
5695.676471186445 9039.005278966988
8502.440070155186 7802.876615462015
2087.218273732516 7373.192149572737
7838.922862680692 2872.2954246900513
2239.1136264402658 8710.965625957013
1791.8088195443172 2270.4559580764294
7190.939073436077 1592.4963680319293
2601.961168734325 7116.101258768729
6586.7539875852035 3703.211853569566
4132.616593702131 3603.7554016438244
3405.451399333137 1530.3893901245312
7648.751311073251 6007.664146320031
588.6027674821148 6069.005308862557
2500.5380600817684 7118.912499576191
4038.2447211430126 4553.988816091109
2958.394810824729 7098.993149588983
7161.78040648334 8168.301484719907
6030.216663734428 8592.164750966149
4091.7694640661093 2578.3142543383874
1361.138850194672 9123.550421718197
8958.253868960624 8939.77274822761
9331.251210994162 9760.231407421383
2400.7911502131096 4832.551590821741
8466.922653845842 1300.780522137146
2316.2394505181805 7521.942053446514
8071.791872283878 9264.64381597584
2239.8633678941646 1672.7002431236172
7638.403787052366 8111.724688863804
2368.3602686494996 124.82943945566927
1483.239886944745 6993.1770919586
9670.08352119075 3761.543665409952
9115.481330686247 6850.060701760566
9061.635281802557 6734.573567426039
3965.101735677404 9502.078950263678
6469.481209866042 2810.4605274162773
4578.48023539489 6154.269313044392
7977.196923196764 2838.226778935026
2540.79806953345 936.7377901024854
6166.232475477197 6127.930874780275
7929.66019295236 8798.227095902217
8068.695861987883 8737.139918333643
4195.987293760048 7490.68084987096
7891.323758644731 9422.915043354124
9499.466288171612 7972.148366374664
6382.85789445634 68.56002688695462
5328.626112767658 6618.117424464117
5521.081705990868 1531.6443887432652
5103.589108453263 1554.8830545576398
7872.631440832576 8302.967217604144
1276.9844331676295 5375.022829484407
7735.064664746309 9450.421370293618
3200.2145734532837 7450.54938710609
2423.0229574472073 3393.07342841801
2004.8180005914628 1980.9634643279185
5149.264195479918 7773.395247235525
5582.439488934962 3875.8919841606453
7056.4961738517495 1345.3562927249352
7399.728491347472 2077.3992173287324
5057.073901429564 8715.502427703917
9659.264217259644 4836.295540167926
7266.032528743749 5650.447954324449
4286.067915821121 3422.4607328428046
9519.206982784459 421.74224408220937
9912.024797069595 471.5366356429518
5642.468901051893 8019.182139157919
841.6507843505061 1767.6293080975602
5056.842265105985 577.2496451430665
3292.2504590972135 9290.885318085257
8181.317919455186 3948.5240152124757
7528.119657750961 2564.0614536928665
6652.113782380892 2875.4321487843204
6872.6854023773485 1239.6952953599416
3012.5198929523567 2320.4368794193488
8036.084486115812 2329.4000165319694
9747.65911574844 8967.031192792014
2633.4104614856255 9387.364218187373
2433.6414728756827 3227.2835378010955
7863.258729469091 8521.15024308969
5573.869439777082 8478.379498253185
1215.3769220439992 2704.3884594576652
7055.356811970703 5345.826938426677
2765.0061913580616 9063.621717353297
7261.3804706497085 2917.0654117703843
7855.145668600231 9018.402261829231
5516.039212095792 5787.104247041163
3361.8165471502302 2865.358588370217
374.25231025066785 6540.613836816384
8038.348334790096 7297.5909420863645
5480.859812962279 9898.806754153047
8855.035688572892 7516.149435327166
2360.5937100366546 8117.194205424805
8856.507131851977 8058.119511332641
6842.959698476878 8131.461324267376
4958.01127355618 826.0642486212045
4756.147160736669 7378.7268899312585
5781.069484378937 116.24968060954699
6414.250874743573 5992.811562212416
3623.7667851040756 5906.853499067099
6414.235187816439 6694.96358604895
7439.065673188874 4836.525443824455
811.7219825348087 5685.031703132421
1512.8492288870743 2358.88922940492
6680.548855849035 6673.360657466132
3639.205806226222 3492.366797892604
6213.628169528557 108.27436195051332
4697.595554984877 6396.1384226468235
1641.6611246530645 3942.4175796724016
2952.75459452059 3518.7395053506852
3785.1988507158585 9859.68479671597
2266.487818799183 5989.586303735766
1136.2160558891742 9632.833576855317
6928.472739584214 3268.0713930798565
9923.221234293367 3841.676149647483
531.9429216123106 1408.384057870573
1306.902783754592 1842.7228545240803
8376.447124054746 3104.441780094046
5324.315015927918 7271.973026036236
4149.855431162896 8439.599757661388
9472.045521289123 1950.6893689789206
5309.900450591154 8077.030996732619
1954.3017042169308 6005.196912229498
7560.8689637177185 3428.2395397818677
2632.426280264799 1751.7245764992483
9510.452719637122 8344.203508030461
5667.186721856847 6690.595188063697
637.9419812953835 2894.0215201759233
3187.5591005887095 6369.422947082687
9873.028024205894 6029.310520971749
4855.361148280474 1088.6770913543153
5340.313257952784 7875.654897438489
6100.640177687075 9233.574443249818
9919.176447712285 129.15115689382972
78.66760248241178 8643.711915661508
7615.959842362256 5553.263096662489
1091.194812889833 4638.433828952724
3219.077563134308 4820.289184566401
3441.914377518025 4245.208838865926
9638.957024160181 4593.150682435604
5894.00636735246 4422.528476171728
7901.916726992629 1811.2284496554298
9227.332393118382 3965.2163319793985
116.38224475317038 6265.432136400637
9154.490352686042 4736.391374775545
4310.5296206524645 5090.534809761543
2558.2152562133056 9786.215367439343
4543.086768627352 4272.168644707299
9462.604778093908 6980.127531628248
3150.3114324563285 5282.974775784468
4444.195465833134 3924.092384071667
9874.253695211144 928.6892737346975
6551.775698325424 3170.3430230538875
2691.837391466273 5327.357996968617
6084.150098534779 458.44101621721813
7036.255390550236 2417.141093817101
8812.965400792362 4849.6624548791215
1675.9548320944396 740.6279423850592
7108.513724102618 6797.976674772338
9431.773640278298 4488.840211099406
101.79483857925109 1089.27294961648
2415.9848954665576 1625.0010134883075
9648.671306011092 698.1142919762174
906.6744628969159 9179.90400747724
8602.277642805328 9598.856743360595
3329.360104744121 8622.632370880816
6886.981198588665 509.81562131657944
6478.1887697462835 8178.429185660097
8100.376491360673 1037.556902210145
4829.0853970651215 495.4578258924347
1394.961783008588 415.7974539156195
6553.145671230516 7943.8440405908095
2535.33567705703 5159.286164903431
7197.388909354731 113.8249046407458
9468.67335322965 1325.4279883662034
3735.859107204753 5689.549897661739
949.2300400072539 5065.764677125425
8069.833296138688 5444.208229582995
2600.7991610576064 8873.334933301527
3133.944282088361 6255.375152475344
5298.063099280657 9349.742175727635
7029.453795391722 4489.253371637699
7276.184430186956 8108.691511591562
4749.558956598182 3934.215457595417
3564.8701894720257 9242.855160971163
4206.460145285053 3099.2065406389247
7617.120807598276 775.8733926100103
3512.8189993463566 2942.7223417641458
684.2545604987438 7582.172716550898
4273.793325326306 2244.6751140928745
7390.934998978458 5232.828758051847
8185.950244942922 8789.952612117642
9891.197959007135 329.98131043282865
3464.223386227676 3463.5011499902566
1771.5577154179296 1933.2520376225548
7695.422942760143 7226.03951688766
4528.252221956877 8201.12394768204
7308.614033989695 2252.8700345486254
3719.9691900949815 5264.748453181859
6523.113000987562 120.86142218228568
3697.176362307859 2416.993307694716
5037.739822213732 433.4717147230216
7799.33502028051 4297.65465194235
5949.787567694701 7490.393806733267
5051.282909394733 5411.277285188785
4893.906271192442 4563.292697276461
595.7080072895759 6730.141826099928
7124.462171821586 6784.889995837232
4296.633830299138 2521.9491249853363
458.79815575175064 461.04299496704806
1903.6132845762234 6363.077082856508
2977.101223960008 4991.097915003008
721.9981326067704 9701.162528689178
6774.635642854504 7238.751107784758
2986.013521230232 7651.853132233078
1185.5178673420376 6417.19958899111
7451.612435630096 4135.5187435396065
4221.086078304526 3359.4564338894284
5714.164723789006 6368.49465211482
2537.190883136834 5435.019944232161
3924.604247278547 5096.762936921035
1918.908329659913 3931.3083038586383
5746.417628952077 6741.053633915841
9501.472343347406 9896.266413376727
6620.9351244580885 8942.571160306854
7104.119884459802 9345.915708207738
666.2753540675037 9120.679161286394
2159.829541360211 274.8792767376018
2633.2366327542677 6734.856817533172
1635.5026056624333 7054.495042114452
7203.168348486094 237.04344765630657
6969.4443914677495 5972.327146858719
2239.1815995139063 711.9942592492479
9638.702466518414 5286.345655093068
8515.396767229133 6177.185932976153
7348.593836712912 1336.0185856140627
8400.653534347204 2328.6898408895486
6811.521548412103 1566.5726765002607
1890.2406181207975 4461.302728893563
1814.0359668631045 4252.105532523981
1418.9026472655974 5124.14657136388
2170.084677876316 6855.976483734777
2909.763024699793 2395.7775051837207
3852.7786958032116 4126.938581695709
3653.9014898629953 5929.303566239253
4977.974634009252 9285.508981977888
2045.7490641629684 1967.7249275172492
3267.9719401267125 9026.870225902016
3805.4465354776135 3985.193799559872
6071.637807557931 5407.192347126949
3387.9262842614353 8354.513827751107
3490.506515347569 2470.8288089451094
5744.630972498239 6099.165915826131
8227.877852471922 5994.187702999219
6857.910132396053 2591.9982830415865
8362.062368789382 5466.919219773481
9209.956492729456 764.5514788684127
6521.79014739071 470.5554245518695
8992.821121680097 3271.6399904506943
5035.951350933225 511.10193461668007
4478.4061646931395 1378.7936705051407
9186.737862112099 7987.692091345307
9876.416042942543 9396.039016754385
6463.360668989241 1944.1358683815536
5735.926809724357 3422.3662770272913
1554.7103033593623 2249.237700260731
8897.292030582968 615.2887438723875
6121.677990906368 4953.014886544833
5891.5710389932365 3578.7680404696953
5423.591118724207 8308.897739712304
2353.5477753979008 8592.74885863588
107.00304973671027 6506.249283704928
706.0513331284235 3652.838158012145
5.092485094982946 3147.2433997818625
6962.048379738724 4944.650374862316
4837.4002264192695 7086.266577842055
4881.159048570004 3402.6472057730507
6484.962826950608 604.3440815199331
7595.086281271255 2540.289763845195
6397.021435455643 3229.4031217597376
9734.445207185114 456.43796312842323
5274.252507892807 3959.5991793531384
5925.785538073328 1648.2444670808604
1331.5068373860006 4879.447885691336
2293.7155688394896 1238.8658520915108
8246.656737645293 5955.297617877887
9023.032059403073 2058.972490937793
1304.2585143222452 4423.125601925273
7123.646218779463 1545.6025085074743
5067.870137172276 1863.2792996776293
4757.717773660834 173.47099972944147
6398.150332739943 308.73684481943275
1522.235751526737 2660.880891585944
5984.5464428861915 2474.9039028225316
940.5723239406404 5782.795453286864
966.1007618958495 6403.852378980472
5740.727406437559 6827.9771126403175
118.62249504167477 1633.965800571855
6553.113717239506 5439.693641326815
8162.74614248002 6285.8131944960305
2877.8967752538188 6068.944914349898
6734.657662982465 1917.3396480785566
7393.115743563894 6838.434980219611
6615.856665333371 6734.597965481866
6074.5271802911075 636.9669270963229
8212.024795778198 3409.2218215444204
2364.964263200232 6562.062008550168
6818.009978417706 7133.572937881912
9965.019521306016 286.6330948169504
1402.9852586574486 192.52511846873043
1955.0838086004928 6059.010569893308
9567.076936622996 1403.5172469835754
5319.502145361399 4567.724369275178
4760.76130984458 9471.264800235977
3320.630835132603 9011.762735900389
9902.043348003985 3408.1162682017375
7692.529361524697 197.28672170284844
6769.057712344136 8065.9486231574165
1685.2158318513577 9668.035712893685
5801.304863401707 2062.4742564806397
6790.633648135345 5109.777984485347
2098.69790338868 1836.1289236941968
1057.7046460647266 238.17893001003344
5417.395471145932 6491.827685655434
3009.7591227948715 6629.1014639854975
3427.0166746423592 6578.456681982538
8650.993419045957 2292.3746345418817
5407.84729847673 9986.552697155166
8373.852105678006 8964.971034071732
1221.0104864287885 1131.7632601014416
5517.158744839486 6952.645554479375
6363.033639862754 1888.8231554982226
1491.4905434681314 7516.3289203636505
7530.083048256532 865.2045232049943
8505.06823196063 1600.2790135901357
9927.54785979473 3474.7554790447175
7369.202890602817 2237.8989037606343
2104.331222016489 6186.835941528325
3857.5147973520775 8431.936958928389
7470.321981709466 164.04593249277676
1216.3444654232103 3321.906528305982
5670.418352295406 3662.4724408451793
4521.126578832416 1542.0240248711582
9188.133988941638 2293.9111922078105
5379.904683103612 4801.942735314503
6010.564851355216 1985.6949991351491
1974.7694248701541 6594.08638383088
6285.092927529775 721.913301528252
297.32303993480815 8417.89420450987
4055.486125349229 9349.371221529456
1974.012180870982 7405.622376213024
3553.9188991132555 4654.45317809963
6178.19479848995 9934.408449286331
5439.82966239823 7058.380025584562
3277.0175493675747 4357.555303319637
34.83399094963868 9827.941802612964
4003.174657466052 2424.2395809303985
798.4244487888403 331.7816877902946
4715.676759293812 783.7330032982093
9694.446251091007 8442.731540174453
1388.5587255598975 8485.640127332774
8888.699603389623 7499.829083300277
5284.255593973869 1862.8313256750973
3028.5755927330906 6172.233776150455
8162.51988918976 8079.28964502225
5898.596545129794 3394.8165107767445
2828.740731219208 7172.296744430172
4936.966607725959 4985.429417501731
819.1728587809476 4770.882750429173
4819.972981852856 5255.514442921658
8499.109555597232 4939.794802843631
4463.387760301954 4078.8955463491607
6335.310797998881 1100.3988846511404
3405.775765486381 3512.6302048544812
9440.321071125243 3689.9267752203737
9482.98899042247 2925.2552752580773
5360.152394862295 103.44616408527352
468.7164523690779 9796.366693046934
5311.893501144007 8159.632555796087
2171.790991345882 5379.4056109635
1627.324425997696 7158.814485836747
890.6444499868338 2036.0745305393245
1645.778299741506 3800.424265760741
571.5152267516299 8690.96059869441
5486.481223199101 3214.789257759615
6752.592915186689 1269.4717239524534
2351.2869204525 945.566235121027
1039.301762518695 3891.963437762278
8.860517170068416 3041.2981789166724
6423.54146948849 9408.798523226336
5533.28043002575 4846.544287856372
7129.188720839579 5797.082175566224
2769.850702475265 5197.656752176837
7809.389067142448 666.5330433967154
8601.035862375757 6687.534649321971
5303.3068224614635 9640.038214731525
3838.4612482302427 9308.782002936485
2254.124051403601 2465.2027450521527
1760.9953812528445 7399.07735469462
2578.334506462424 6779.007206340948
5423.883076235951 5349.675874146383
4158.970082909791 8943.57119707444
3404.147361378125 4208.631740131258
4699.71954217257 6436.246607836715
7354.3967459198975 629.1648968108399
4984.512083206873 2677.8162342062983
8092.298026447824 4771.323381614254
5994.389932974744 3870.7741221486203
248.98765832468084 462.2384290433446
3373.9930872478353 975.8181900471341
8138.011099560086 9570.94784158587
2095.15298703579 1837.6253150998634
9328.999818681039 4678.742555891829
9239.016187521229 7978.554736870047
6949.6893539036955 6003.439936226533
7825.6273184625425 7283.971963718505
4653.054419560613 230.51518104564516
376.7414008148906 6774.429104265746
6692.000079125816 7410.754936876122
5313.55187412161 5403.229025314862
6553.877268143226 8438.53280509131
1429.349533816382 4273.340733794844
5031.29474402686 9229.217133963715
2874.4445803235762 7361.823281591577
3133.3967531809512 5867.846618602708
3640.275218551935 6584.781828977523
9607.364500294516 5105.859845997214
2520.598760285464 3426.313021945354
4115.7685998699335 7139.569878660067
4899.139395090807 4546.5380454696915
1578.2935424438026 1378.382182483563
7483.133145100581 1929.2524419903757
9868.607666076847 6998.310030577193
8615.823054644456 3493.5445639374075
5693.665607862156 8110.405471039124
129.871166305513 3917.4122663214007
299.94079855152233 3475.365145225722
8967.622754361315 6981.989380631184
1114.2092952231997 7586.3393488299735
5643.430829672396 7589.836530924387
9310.15084815192 4743.056621550142
6713.9383119553395 2080.3453875700084
1914.225404889165 1158.494568675813
4296.41031577603 8655.35918251237
9059.116110633377 9868.58889184891
1966.6686785206466 3744.677412594366
5604.824399729617 1628.9347520192387
5520.1603438891725 2707.129807869022
3044.1294669799636 7621.654832699322
4476.992916907609 3850.7526683125816
414.65760316147794 8493.795540244908
461.47356032977706 466.60692854531226
8320.895821258937 1770.0484071592514
7150.374483101916 8577.02017942085
9863.983909610393 3632.037730949548
5429.458623718851 3572.5526045624288
1819.2093801075437 1831.6187238273008
6009.344252424682 5575.6005622513
6068.553073870223 3551.9843971600076
4425.118778348296 8982.573426904451
7798.413820920451 9454.269759487113
3116.49974354863 4570.708929644535
4114.200241046004 5374.7350133467935
6800.238318084018 2791.3413043902715
4798.9737427679365 1466.6645253131949
2564.8875887957624 2861.677407515009
3666.243724692597 1199.6376668379705
1076.866895110099 1578.3123623027973
1225.5572230169298 3251.594567966071
360.32347519429186 670.9940299488493
864.5244117445606 9895.736983975381
5232.452742938094 3409.2943509805727
212.8203559708164 7211.768975865942
6314.03563148366 2985.3759757960675
4139.226857095787 3489.4857101808752
6380.767735564254 8849.535658178032
1419.6880523227173 1227.7714384028782
4893.524237528829 7106.596948487883
826.4208587358945 8545.052943931942
6511.2218727140635 5548.504205303606
6191.705830151884 5269.5316133433735
4006.6638022996003 3524.6033313046855
3091.9697144309175 3485.234832655153
1948.2543707145173 7937.8430214294185
1087.425544958649 4511.10242107344
9996.60322590971 6991.218160301034
7362.010582680526 5833.347363057813
3811.952734761683 1992.6556623873714
6624.994771051106 9120.552719817313
6718.753032138982 2453.99872142812
1903.1796005088343 3361.471224768894
3424.9626691822377 4893.835951915918
6511.757474850601 758.1450809411716
7507.68587331723 5031.12246560145
4852.245627178665 368.2798041489388
3337.062508772142 8315.211045124468
2959.685692216326 9692.056923351463
1574.9162301701604 3814.2687426590405
8379.510601795348 5909.751422524775
8996.987005912364 6471.832035553021
3524.7617402031337 3638.6931605915597
3137.8053378182744 9507.43034301661
2055.9116685663257 2597.383920333539
5870.203402986972 9187.859213861222
9648.5139183688 1678.885445543774
4841.45927513504 4948.299137015481
1308.2241137221563 9746.040360560926
1372.7993840266206 7362.622527008685
2797.8797719289782 9175.742083654535
5189.080583394729 8849.767867535453
839.4867146059371 7673.600952776842
4634.353586394429 3069.1021854767564
6125.60830640797 5414.069401417792
1536.161622214922 1687.126069747862
4367.638842390606 979.020067202998
6476.366181377582 8617.342738664845
8455.047690078043 5847.864164010483
5632.586146799793 9371.080680142763
5546.01272523322 3437.0075326143788
7858.2213499224345 5631.509611238716
5129.976219615334 9081.189271171977
5868.637907764848 9729.350525745658
2088.089878442042 8234.942622968087
3806.2103610219733 7665.008465764722
9239.045063388665 5810.349285017997
5529.874439285357 8364.416098895814
5269.796782346821 4155.5243007290765
3384.6017431467867 7722.985406720333
130.71660966890164 9219.868455232378
3090.6523701189335 653.6203841127785
7495.875493639367 9588.486122176308
5761.621341371799 90.69158630463869
9368.979528053305 630.6053354724738
6246.461865211929 1644.4341215613233
5015.612158698826 5876.230883921046
4582.117136877871 7165.562342440833
9212.03624476066 5688.322262423852
3944.5914697737917 4233.461317530003
1509.5789976131546 2624.7836625041755
1164.7356369884765 282.51009040733965
512.5147609826797 6714.980156756374
3050.6106241149764 8076.941183854459
1412.660234398071 625.3149518471657
9533.388190161717 5315.059649299541
2173.364310520286 3422.444641906545
3205.068101553572 5701.883143689427
4872.598495381868 6011.507938316499
3774.909838530912 8194.38865216448
815.8796779167888 6524.887273893739
3053.3305385469203 9549.809563540692
1342.5079963563126 5713.978262240464
7362.103427685257 5097.661128192628
4543.511037315855 5114.392748163302
2761.4499620392994 2333.6659378421323
50.45136671554595 8538.944357692475
4825.1140756608465 1621.0613051477885
5819.429929778119 3047.610829476526
1390.0550992870676 4820.018703692659
9194.245327069104 3697.812298103904
770.8086005284875 9060.714331025667
450.73380769993787 4275.028864092773
2760.1031232730443 5943.776888591256
4976.686390813853 6936.346180201986
9998.8649057579 6840.772112825447
4420.448611852522 83.59158639361542
5541.062641451606 6468.952818094208
5365.397411919634 2711.256492147064
2071.1342133213075 7535.720875160342
9998.356833866745 7481.059651382292
6894.952838648019 4638.156036903101
5023.809059061362 623.6753678493923
6558.861946562861 2364.4719986684495
694.2823617492045 7039.762217953083
8191.5249435333635 229.16469224081192
8280.523130908856 2483.002672056319
2127.0757070519085 3104.198627379172
6228.167806460781 1365.1019876114078
5152.56492100414 1389.292251377916
7884.720129419937 7894.836161396847
4643.915357980535 4614.39379655829
9020.383679498522 8021.918236406814
832.5788295808467 4554.955172989618
7005.743387245963 8514.74975414183
6492.853602652542 1234.7750760029153
1020.1649536302193 4909.142879662415
6251.209747770976 7092.100052766088
6196.978824028242 3561.023395029458
4817.583990512795 3909.3401183644974
1919.1395074529848 3857.528795902565
9271.382106680556 9322.844557895289
13.88895162255488 2463.7628174314195
4507.812317914386 4186.134124932437
9873.253021390472 6712.941152745076
9066.200858775675 4333.397255451556
2261.3374955473964 5094.217852109893
5717.135468071807 3703.7727689533417
772.2907546698133 604.6471800371678
8640.267724533564 1336.7969692712468
3553.9792725673224 2773.7364735787482
8622.532089706128 86.70089236793244
4953.745052505373 9103.898343443274
6871.550393369056 5901.6529120343375
8601.839428279347 5580.888440492736
8955.636109608453 8857.593315161703
7478.271194299881 35.10194566912816
6987.798161594028 844.5539960446613
9591.06196290223 1889.1373442231297
8127.621910267762 846.125013306317
1023.1668751312084 8749.682261805192
5143.603743058834 1140.4942689724019
4255.539177455464 5073.695783469092
7878.13532441109 6485.231674471032
7086.975491346898 941.3682715436933
5563.279283063326 3673.799714393091
5870.276010322828 8483.993801537683
8101.540507813199 8549.34030269018
7512.298568045332 1539.1670384117085
6881.237245941426 6306.922608450915
8046.919616106453 8923.598120424367
7249.213840313241 9340.711233710068
6111.286519669371 2365.256677125075
2744.9329443307433 5468.886259102636
3122.34069987835 7594.425572488221
3138.910299771255 3929.6783874539933
875.598139462117 804.7700020420423
3604.6225587395365 308.0719759634165
5576.932411602239 279.6008774805203
6176.6820509391655 1898.9018525307
8985.798956100189 1012.9580860261966
4696.025867976572 1852.9769129232543
4794.415176111223 4352.812684514042
8854.80999094959 8674.137613221495
9543.680294530332 5613.0146410769485
2151.53884066412 295.6569292036404
1047.539257205926 6094.4961354554625
9008.368172229753 4990.91956308013
8893.069785475494 7757.763166838005
4995.115101082356 892.7808708105711
1348.3913231475065 6150.087790202894
4807.0277944429545 295.1643275657412
6274.8932680900725 979.5525055190235
1670.90131522187 9646.01006011265
7154.94431282059 4352.314848131055
5385.212764412576 6484.383142461131
3633.1018183267615 3038.922610200813
8575.702200471991 9649.64637947771
7610.761589857723 5758.252048965207
3858.2156959261006 4229.981919803143
5188.886925911163 2557.5594143282756
8677.124198792135 6918.698692789428
1473.4891924519134 2846.5249944826987
7034.309354701342 3219.3981622805545
8618.885604702524 7255.767702820305
9467.39314967461 5310.495675234974
6877.057611057085 873.440236051719
1325.3237741099922 8911.374628549598
3116.838244996235 3999.2616978023875
7653.814149578101 1542.4660232648223
8126.2807281309615 6633.133589667422
5426.454687529487 5535.6391007334605
2394.1135377816004 8426.603902155332
939.765644541255 6355.729307576067
6531.118508798793 2142.1674476231765
4025.1289661534397 3073.31408692586
9850.341563307249 3833.2354262645363
2920.5405380706297 7542.744383424333
8212.29538217127 4032.9605675527546
2553.4373540572906 2762.0126143862058
4709.28025855745 371.22878336007915
5588.667159143517 6256.379614238519
1051.2693043303934 5437.6728389643295
8638.891454542849 867.7829249110403
5706.330906291411 4252.235732683408
5612.9833996002835 8207.155821956168
1621.9784912099456 2769.514762792522
8716.000153170353 9908.101471522543
6602.188761501076 9360.176626871873
2012.576115494449 6228.355825170806
4370.780938469564 4172.314790714625
9400.722652252678 5793.190812995206
7197.961451203626 8487.816133534658
7599.256804772371 5914.080478886791
1722.2906384234527 5921.642487052873
5550.264344913111 6010.056891748143
4960.287154350926 630.5343919219408
1927.192066752861 563.8638622010894
8402.450041030877 8838.883783783029
401.5559442520855 3986.9741262616476
1872.5791502633538 1670.5266155236952
1042.442078198589 6368.124383897678
4738.462907339093 1743.3036363490685
2441.458550939104 3397.297053265861
4407.564919719922 5324.792247411756
9899.808277810314 4083.7790062236377
7280.446069348496 8062.488632118734
8138.843408178978 5843.328133840814
2593.376389577976 5026.464459959643
9461.508897724627 4452.445695975637
9791.878578239355 8273.118476785727
6054.806299250966 4516.322857010352
4805.458893379634 2857.2161242368843
1417.8723332349853 5279.174264648913
4549.628775934828 7561.699243938037
3786.833619820078 1923.796266781651
7691.25973750523 1082.0082810898969
9800.37780849678 1607.4155988072691
7519.213512607485 6489.4853110292715
6499.686422506791 2551.1982269578657
3691.7655691230734 3232.4331689612386
9050.767395709934 7194.801925877221
1650.9577222782534 7908.760736855182
8127.2894157522005 7357.714085886042
6150.159068368603 7202.820944749196
7855.560303210176 5796.9560031861065
7405.043474580436 7820.916604851782
3945.8552309561233 7475.834679138107
7932.851772341838 9219.767301812124
4669.601303695597 4354.174549546514
1787.533070341004 2721.398644132498
7381.1893555374745 2963.44651103458
4447.856758169025 1730.4094797093405
2229.4844721124864 8069.692250727743
829.0160411195945 4412.174145574944
2862.4848145862993 3033.5976222276918
5095.456739699222 8360.80170575588
9193.996744712666 8595.46565527364
6252.392972262732 790.5051923103546
9730.452604093887 9656.173669840193
2299.563134755754 7146.9599997101695
4918.545758882844 7114.290948014365
4292.161570358456 9404.686332927016
4175.8006534152155 1599.7182285755796
6797.794468272018 4830.948575379879
1094.591562695948 7386.957890774393
249.68592672570122 3331.0340904250734
6416.9663734646065 4117.2588519735755
7377.609289738158 56.84027569982098
1711.5194911322606 2402.682354860766
3048.29817002888 3696.965812182996
6509.009248856767 5950.152846601489
7841.863674592702 4155.775480730961
7439.233425054696 3788.2319936822696
9483.588097382279 5301.630531778544
1082.286057572004 2068.5253806553874
6791.839529743014 941.1944421117846
8329.21641988627 562.9425823125766
4182.147530627774 5522.519753078686
9502.748476282217 8429.218207686561
3816.4579915159593 6524.540855205104
8380.470924400575 8069.804178167796
7586.776739076908 4861.414905368001
2508.474480930766 4806.0322258038905
5247.332823717485 7047.2955817112115
1400.6208590529434 4908.229016241544
6648.925876012974 826.3514005715233
7781.547937432657 4122.886506122063
515.701698861335 207.67400235851886
7817.246291864387 5454.35317937212
3961.3648259751944 9131.817856376803
4989.211667092874 6178.459972601789
8539.828357539065 9737.28832775967
3630.3811786113915 8235.933764281239
4137.956035130821 4397.8964875105885
1147.9450906077716 962.2372326243167
2394.136857852792 1594.2470222629568
6285.370782030724 1270.620423958111
7086.425318386633 9106.70807504836
4980.604030637303 100.9867371200479
5383.5284640066475 6225.263193554813
2636.747716234261 9098.298256707476
321.06129407686643 5127.374018599556
2469.520041323037 7159.242345703147
6266.293656903774 4155.869500141456
1086.210187680484 8149.430908682778
9850.719498114462 7563.728821296621
1513.1896221930797 2361.338082988519
6348.409385236849 486.2706113784998
9269.938633032933 8732.517177700014
7711.700054353201 1253.5978415647041
226.625273601454 8129.1559561799695
5367.454806148011 9833.992184240908
474.01288528259977 9825.782654808801
1190.3816432223823 6757.313977331894
2131.1818936125883 3579.1315125892543
3909.5556244429654 3046.0419801662765
1665.9139962764114 2808.270391125465
9759.009336468534 9073.992660879809
4005.4880613316313 438.17057112815695
9900.765957852685 1600.3956444661337
3504.091146747099 7379.778439521521
1437.3874873258374 3934.3554174196206
9837.275804437246 8599.944648630666
6462.760363925513 3649.8538960477745
7873.648253562502 5305.80901580309
7458.30419142794 5470.9079827148
6010.706055384777 1156.592689806919
4797.481210090517 3129.8651442942114
7965.386868510656 43.8781863566351
3878.8333184126277 5581.036666182677
3971.9565846335204 7889.241215321064
6577.5386644180435 7440.534961760977
4492.405953359964 5942.976959947595
1447.989498654375 4392.397043836558
7674.590633098241 1440.454582674162
1157.990262825077 8913.59476401387
2113.564003885581 2395.5237828593954
1188.9698590777698 972.8572600819919
9293.541971270774 3566.653832663601
4658.37363228679 1169.7174025445133
2860.322961650242 6989.439551994749
501.760268827518 259.2833078048706
5380.030127106004 3798.6533764115916
2293.4323015298496 1996.0444052796545
5613.21134810108 6630.640354029447
9578.49936521786 3131.1943549604716
8978.290721009242 4783.945091234649
4286.668939308263 1820.19884638552
6392.627440085328 6640.637611609076
9928.365377809532 8559.527461108073
3750.0287499908645 7163.036923455071
9786.640005296631 7327.466152532193
8610.657688218867 4874.913097669895
2121.2752957626603 2012.8057055490733
6211.730170063742 8855.475050275918
4526.757485236121 5368.285501137655
9427.208357438216 1596.9801256809335
868.1924298581323 9462.754089832126
9325.95122732986 6466.924566260187
4949.633636748936 4729.839020515559
9989.241355258648 9659.723386062486
5318.079502687218 8045.178606737177
684.1929002103619 101.12156127097039
9967.80818277931 2691.9222496573993
1797.6972419139158 4023.492907720674
9578.436542601978 3783.817858493781
8254.174652828813 1208.9200634579834
5948.991306535108 8712.665457432297
85.62868374815457 6282.2029331386875
3339.170109189599 8464.750077421259
9820.47367714181 5871.243886435142
5211.913799041144 8558.849011333103
6327.68334326596 7281.103666588654
6909.4630311249375 4279.461646772096
7525.84770294402 5698.3315098661415
6190.979753267468 6084.989262123137
7939.511250642435 3157.7207456167143
7705.073090332829 3099.0714328962076
3358.079941972326 6923.176434963616
5093.476575060513 3383.6047323208563
7545.585020397893 7832.251424451102
9196.21846042191 2381.0963461943447
534.5525557171737 1179.0328539921745
2080.9078006085947 7550.696863230598
8883.930724356129 9870.871274133675
7054.512784893075 2761.564274148234
5849.347704193966 6956.784223745009
3432.0345883915784 1873.9513210611435
868.1476590903792 8005.36775326017
9354.758603564154 6199.579199188588
6240.316098190038 8941.849315274365
5764.0844293658365 4364.061600180815
9885.147822671495 4915.286931424593
7908.00237944486 4981.604367983094
7002.226288429499 4075.0183368478165
2874.0169970777483 6203.177108283889
4700.989476903017 6943.222189387173
2249.399413236235 9333.661809452526
8099.098847976464 8103.365258436035
2219.3509312011306 6944.932885072077
78.49185366957224 4672.236212217905
8274.278461565495 7259.4769321539825
3287.7043680062834 9070.6857873514
1545.3385190470126 212.1589353348241
5615.915032550938 2921.6619945718003
2670.9576947636515 765.9878519902163
9856.933859793784 2657.4300625772207
7605.262482232397 8817.670040542733
9792.602286146628 3062.038291872018
8607.928466845548 7926.612749207527
6948.675246526449 6391.04117306421
5791.334534292815 6004.245917273782
4276.152443766697 315.8719626912587
9897.419197141558 6686.182683045835
9401.85266858714 5139.072425106117
8623.764562436918 344.2547101648874
2316.983815863595 1698.6345531305215
7948.683221277421 481.38209727527806
1800.2856762993235 2476.4218859748235
844.6180425433403 720.6322574165547
5096.831458581454 8951.868373573447
9149.258443220902 5231.1994164493535
8346.79073771114 8688.487384372538
947.3851713728609 4400.939616888873
1559.5351065131701 8469.444591221925
1821.3265538154699 303.7696357934272
8697.18650923742 1678.7991390576474
2020.2455287897226 2978.641592529182
9135.695653675397 857.3587758953482
6431.162160843523 584.2336528795478
759.855630417211 480.657109731315
4774.982717403153 3377.8998769919453
9780.870895156613 2938.7307550270834
780.3695951658351 6274.082324729664
4285.57285085184 4451.990951863192
8046.785241131057 2818.293169937485
5289.0053931507555 6910.467507400099
921.9196030381748 6396.996542937181
3338.2954422101284 4889.22817923075
2048.7160951713436 5832.095382414166
7466.549487657659 8669.457499776487
6671.625631542247 7074.547648045664
474.86759917279466 1433.7392933290728
253.2647491617923 2805.8654528732272
7341.649610806433 3172.8197435026627
3720.6794306370616 145.08016338213858
9685.016468106487 2609.435681041585
9863.54489080243 6423.220230652703
5703.644935946069 6747.224671452213
1436.9513819698132 4137.517010827737
3868.540577314451 2196.053454432817
8081.471881022438 7466.239232388916
9526.339223700423 7673.912033193282
8756.04040336069 914.6856322315577
2359.3500520014322 9966.998191608327
2436.1778376505195 884.6327566704426
2925.788486292881 147.81898572872154
9574.14361668581 1692.6621941599974
8098.744012044291 9688.773214569683
3181.7292619295367 6500.023020772567
144.77362190677633 3297.157637157536
7177.016101481987 4116.67832561805
2754.774583246895 9037.039347357146
3938.96670566805 9340.643479544098
2188.0185836079027 1501.8281944973178
4735.348345297492 9766.74166257673
5476.56340097704 6300.71211145463
2081.9982148701874 2451.630019259179
4037.190770901692 9739.775921661889
9180.344409459974 4195.999369804794
4335.266617670868 4872.746014498037
7467.688941933751 3453.304370558642
1050.056212228766 6773.169769132812
9981.38051379878 6587.033935334472
5903.893143651922 90.21476158410091
2653.122665451858 2862.4695166365545
6381.411404941563 2271.445345428569
4837.750838015399 5017.0250179083605
13.774195655540389 8070.22846885708
715.6337927512724 7714.37004037148
854.9352490721917 3208.3173580763005
7882.4782597278245 9386.903454834857
9548.456768988828 1840.3422796065804
471.4998733234088 609.1857495338949
5292.25538840075 746.2101946390264
8991.902964474757 9186.395140518252
6757.1509192176045 8399.810311338537
1352.4384861564686 9236.23678541758
4997.032501330867 5118.570667984561
7655.184122718341 5182.256042627101
5941.994697308337 8493.474955947095
6401.438372475812 7866.744790654594
40.55537127288788 848.9364658312315
4397.958000208623 9293.9681280367
568.0275074992825 2504.085435035743
9815.624680087181 11.767134423558145
6361.607653921361 8482.170636864703
3307.5510154818544 7616.897835649029
1385.1438105685509 8673.215316141486
6328.152728155648 2262.683452826616
4159.272423814992 633.4530566163943
1512.3795687022746 5795.385342664319
5257.435477661634 3793.54530653914
5045.085703740051 967.8297742579344
4919.408189630774 7823.610450963295
9741.486690949454 3563.4540874411723
9517.593260823947 2171.260703698413
9295.69248897387 4493.508842541149
3151.830110463665 3994.7052278831575
5483.20685984487 8233.430732981347
2040.8591103372376 4277.99251407858
4794.54431497097 2294.624094705617
7231.449469386888 605.4048785147836
5885.436928243542 955.9645868700284
9087.953254982283 7108.515925680286
5449.937343748023 9625.38978272473
8779.753095717468 7861.56474879737
83.52632826927776 5139.312003108094
8510.266967140085 8998.698133491187
4778.838389493437 952.8944411327022
2516.574983177016 8931.442989256488
4076.2684727391197 5761.184024339013
112.19923107646856 7320.227758986181
3978.12666755471 9499.130859599714
9379.789120245181 7151.530072283009
5408.247515775989 8065.004504283974
5069.1327243039295 9713.297150733923
1326.7418494601845 658.5830174301021
4004.7584124909795 8052.666682557462
227.5403545428889 2235.130028140263
7467.554791438581 7741.769325557671
612.4002334624612 3892.9280485262952
4862.083689126496 5796.794886878322
1974.4507456801496 8898.812645018628
422.6972156137332 8773.929663735224
8335.122118715082 3033.3900924230406
6869.215788873348 9359.925221115163
7609.11047713973 5951.365258743786
3242.394939072484 7020.780067244186
8180.4251327984675 2283.92034621815
4893.1161080845695 7046.561081069636
9767.95907610484 5134.174245995116
7982.734075617856 3206.6310053323923
860.495695009359 5909.266639044368
3241.919622583681 5948.325942549346
9423.722722401368 608.4863800398422
993.1140266338434 7262.849574685461
5563.673957910364 5449.472324980516
4919.669461734147 6949.432752803669
9787.803116085035 4830.893337709164
9890.613108462096 4781.018469313059
9159.09443648034 8775.54649373098
1939.187655207455 3543.0167991818716
5293.170549036897 7689.9114177314095
1025.5287341312935 6671.5301018930095
9241.839609751092 485.23794938351017
5872.982914024097 6829.126430329357
6327.237114879929 9592.403161370907
3059.273638859751 7690.932253507297
2067.754458637007 3732.892553684378
8038.084372175216 9019.25343157602
1875.8256881276182 7267.478348495057
9231.661831919006 4064.32302514628
8146.149437107235 4392.246412893397
8464.395579842492 2580.579364107033
4301.183319301945 1908.5858561381185
3610.6802527502314 646.8646509333986
961.1840847610841 7357.42720435111
1100.8468755309698 1704.5759238180412
3388.777053398332 3804.535256728513
6288.173575659982 6442.349408302066
3337.443128825569 2360.079687937845
4391.5787242616825 2411.243723813268
3595.973529182923 6869.745611429335
9225.85469459688 7160.506234997003
5098.291554862251 6161.331538290973
3268.48193622954 3919.8673319514533
2696.8373108856113 2382.1981799656464
5158.597222102511 333.09644980945797
3967.870022544753 9433.334482103262
7965.672898097008 118.30460244822815
5556.905990164952 2129.764794695733
4035.5308265482627 1415.4335551568442
5617.999795332814 6657.229696245938
8987.887621290582 6809.620617405996
2634.6479589421424 9829.855771091594
6613.981307667209 1767.2249276695595
538.4013518176533 458.63351343363945
989.2554999591929 6095.791967970728
6435.320763858359 6431.257096014312
5595.733213293372 9811.310288929797
6020.717432241229 8373.052656618545
6073.702537289259 4519.284185166343
7774.637320574147 5631.403341478151
7911.243047752994 9112.272856692356
4992.021020107423 9079.86359597729
8477.225346145402 8581.378952974315
756.8726725779961 6345.684181134824
3074.5635113687777 9942.434371063784
1438.7176934342526 1865.2054098636272
5975.774538678094 2018.5241533631392
6857.389608075683 8291.420485074144
2322.717790853376 7704.032544137423
7309.722412634755 4660.507883029843
9716.991007037781 3068.387778061429
8755.516957128906 2565.5919132999893
6517.677264627841 1774.998232470728
4144.556893686761 8325.253583546353
1959.5742556332207 7129.336933731405
7797.597859995012 7865.683488861501
3128.9679951556536 3292.5863323845283
8202.282730149453 5296.56207034199
3122.8316637191047 7177.84360209804
4685.291402476414 823.0081012677625
7279.659086135388 9508.672686551155
1053.311944794092 4792.394266139848
37.48990765728655 7873.192536216875
8899.011849450515 4038.3376137922555
8960.538197438942 5226.894393368277
3809.947004196769 1831.6341511079115
7297.084189286644 304.0277275766645
927.0117174299819 4695.935502944662
7362.751734930485 3164.7293134796796
4087.470899440444 2722.8068969604224
5500.78346161941 4764.328512273343
7848.717724447659 812.9242654605939
2445.5689719995166 9361.755482908544
5603.993922170529 5482.129056609725
6360.79525902184 9653.48073582925
4213.923656518183 2126.8174362245986
9347.943884671091 6313.0404914568335
9509.158019964654 4277.19634837793
5994.957256184639 7703.702733292992
9464.083454618465 3458.6458218616967
8715.438131076891 8406.720209736073
3566.616300409494 6922.539799065303
1497.184064138304 3784.773780251284
3815.306818952027 6994.63185898986
8168.242930546552 4535.74684990991
4110.889325851669 583.9159039210484
6257.6966876564975 3898.6027041430307
3609.4944095759997 33.62816895786103
4475.468370921236 9.8480410797408
4927.96049514617 8881.844694747975
2263.126487438425 5817.443466940171
3545.1786063604686 5719.303179665571
5721.336508353581 4965.174799146489
7866.9818563177105 3797.257791423748
472.5849941845306 3951.1081312164165
3783.0457052703414 5968.760606861211
5094.565644706545 668.6314152720419
6451.096292603224 4773.380409066897
9882.70486150619 1125.5295183189119
4049.719680768785 8338.20345145846
5513.87736999323 9015.02224579127
7980.8911068232255 316.7588099464957
9251.017346936014 1513.1223183024645
773.1600783094627 2489.619141308801
7435.062949264374 9700.024839889693
1636.1557927602 5748.431254087103
6682.169913185263 6736.632572498757
8992.473884871935 8547.081841945388
952.536260760467 2373.170929708429
645.7446988078708 7211.097032470215
3641.5819951236317 1582.3842820274447
1719.1863074579483 7178.12419329222
7462.986488419512 3435.7090225089582
6618.304711368741 7405.63531060198
4610.8370610774255 8002.2265570913605
7849.728493202105 6840.146373898949
2203.076762900922 1718.5441651836652
2642.171517884164 3463.1132130655274
843.6712296696969 2912.725560077507
1696.7063679162075 1108.5026014040366
8341.435839254314 3625.137718210848
5479.593988124084 4452.547683327303
2536.609105113691 1512.320853674136
8104.13684344406 4615.180277011595
8488.321176636722 6939.437004124521
2089.2474535631154 5248.843122116203
2542.8156893366295 1044.8967735156345
703.3804666609378 636.1426937970905
8507.39628543895 2318.5781036698704
4793.993601268818 4695.832095753237
4689.731678877512 8937.277160478752
3598.5836449280005 8779.577060315823
2890.3787232403242 3371.660276233208
1824.8097550099462 7787.448535233885
5244.262817610682 7816.896526598602
6570.34532346918 4294.926246035634
7002.862405316191 3204.972561183842
1412.9441107215612 7120.45342520038
6016.173200384381 6309.648982511318
7875.315052514679 1628.375799628483
5166.445274997554 1142.0185027399577
3760.1438168286318 9321.328327529736
2928.6211883937117 8686.609907134009
628.8421577745185 3416.747760200881
4121.094729726137 130.84263343749902
8576.99427774998 9498.89298246496
8445.004220347255 1737.4794590189313
670.3242780539186 7308.2295459626375
1814.174598284003 1444.7860033609395
417.1066198027873 8916.924560328504
7056.586318994 1221.7389285109016
7904.496624602319 4742.403245190646
2385.301420592918 4024.7310817394
8248.252816469063 2245.3562471095865
4368.365296701928 796.4426311532291
3334.912263776031 7005.3919424040405
9079.311344404488 8963.1468067238
4430.1087275262125 919.2616248769425
8770.753627381107 8964.180306560866
2714.2712541515357 6940.472083164714
5813.727521911641 3655.680889489432
5555.901302510259 7721.4193614562155
514.301155664968 9708.747843616637
7653.506810907231 5825.620638254552
5136.320992330467 6896.303826491778
8967.543525968074 869.1731806235847
3212.9937422328226 1682.4173063992032
7008.453769776447 7732.359142208911
5096.748363468942 3284.251267551318
8400.280414452785 1028.6804795627047
1427.5796194868008 6553.2020465577325
7321.8494762430855 4884.587593546864
2580.3536656535366 8654.22677579492
5702.069861188897 7504.738320988936
2650.4408158805827 3253.555043846951
2403.9850690512253 4314.643052045875
1756.463955552784 5248.040816684623
554.7745365548906 6605.221014034648
5548.74662092718 5478.7139469468375
1118.9718719548302 7088.36091843522
3596.923664446169 2329.8545227284117
2911.17270159132 2788.0156292694955
7803.071323035803 2588.382996032853
8889.347758343203 8539.588582011504
5116.329584364064 9459.108918354183
8819.778936650157 6772.5887955853905
7490.61711371115 7481.170832812496
6960.1077951284415 445.7593842168228
2700.419814849788 3891.8774486873285
7995.141935613018 2328.9315494523566
2408.537791967907 7028.259007282775
3029.2005236827868 4145.6993440590095
3598.2840896157654 8728.497700675518
8106.352310998982 8621.580345488723
4183.569028152232 1088.9167161475566
4851.148118812425 4888.238210371219
5911.867926885496 5110.817660861626
671.7137646523852 3495.9335550282244
4491.834950484609 2151.8424944322933
7058.953171275887 1701.2118112683772
1113.460213479107 3608.9817532609068
8029.017621906359 5551.271225496825
506.85892073578873 4012.0447296248385
3021.1776552219126 195.44001203415374
7603.642341392025 5781.3111587817275
4643.170749197593 6483.57899429079
3102.3401302182106 6615.042780477675
3171.1734830130367 4111.3721039936945
927.1541440305165 7698.9123869767855
7854.024882222386 3279.4180466888347
5726.3058336900285 6583.640732678839
8423.33292368071 5947.500456772793
5628.024048833713 6923.208912812928
9762.331042370026 1541.3411581645264
903.5980672080713 21.38455189820587
3628.8301263400735 3926.3110131495573
8893.868606766757 7431.513256654415
4032.6754928456353 9639.03051651804
5298.621052601567 2628.510311121598
7485.493714468406 7900.117551315107
2364.6336838596894 7154.363587622988
6038.103041279101 5885.341128128075
3814.5171935309886 9846.107084161951
2495.616484175924 3586.4938514944356
1252.2216241131023 6523.864585566166
4187.000201707881 408.57046313822144
5874.725517174146 2317.3675588360875
3939.3688955039406 6296.436842668558
4821.297423959272 5390.732529556844
8302.255728269774 8605.624323248972
2776.689877685585 3998.418619347649
1106.4139897571147 892.734617366795
6188.996264719303 8284.037176350857
8202.481947694612 9061.773175459379
1619.7464045942834 9807.276635461807
8478.227535030212 8927.540703051884
4613.988699145299 7751.15382394318
4882.545007997008 5790.884577072507
5259.674103353549 9451.027899493643
3700.780900652455 6722.269252467388
8832.705976318355 5001.430397540414
1553.9980167056945 9821.551182528428
3479.8092924727684 4948.309753628561
7418.373965127334 9663.805849256276
4664.963013466204 4795.748008143236
9255.012570513632 4636.278988472183
9107.851902684579 5826.365609866183
7936.149630441411 3099.927949776877
1540.4940301729152 8753.923941160961
1682.3391073871264 3141.8855002434498
2075.652588780136 8793.82756496929
5013.77032664419 3943.0398006201817
7361.0818414046635 7467.085547486005
6109.323731799909 6754.764796584922
2182.6381655725636 2819.9199611993886
6778.464691650927 6584.326103938614
8269.901288229716 9846.242437228044
5940.649464547842 3760.3114851214004
4693.127140861942 554.0346179625355
728.9871093240552 9697.257659564171
6311.200114035429 4774.639270214088
9058.993011733142 6537.05759202773
421.8520947851012 2337.824649262318
3718.2700245990795 6758.960623661739
8733.569155334297 3786.7464500325887
8292.282126683058 2191.9473592790605
610.5094677262867 3000.6278160455313
7317.307845569749 5460.676320861211
8300.4579947332 7825.763354921676
1329.0735543017463 2937.476715399159
9136.241588079534 1208.5895931167013
7274.027042329632 1647.6571557912212
6868.316207217113 2828.415849415714
349.05865728278695 7104.946890814439
8533.90913375037 1440.8875834885205
5279.98377189754 2768.3202695834984
2414.7236424484176 463.8809432791635
4625.446736058209 4446.101594862919
4825.159541509999 3249.207671454597
7632.310277870883 8154.988081709701
5697.732625800262 857.61418954162
6867.971777518736 4154.160700547413
1142.3815587693987 6834.069234704897
2923.426876842856 5370.434053493098
1587.3164947870011 6783.487955916358
9422.007736751288 3939.6523020594855
7901.861119122331 4442.438274497485
1938.7388305084673 8263.871565731331
8966.751803207877 7639.33574226691
6677.195193578621 6439.823989065178
5911.5483700730665 3449.6972447217545
7433.847139136279 1036.7133027813113
2789.821209038118 3143.2090283777416
4632.275728646272 7847.235642143994
1401.6249273122871 1419.8249826915098
2319.7476726080235 3749.7713672559516
4316.515233685747 9752.532507652699
1399.013184297362 3869.4680390615276
