20
309.06522595119503 9331.807533242376
7605.21136157336 2952.8572158599
1464.7022420027479 7282.908079005838
2646.887697523863 7788.181784080612
2146.0248550683536 4805.50680535945
9312.770518987027 3334.9862370073847
9031.567513477892 3379.549177768594
983.7151919410403 1472.921996234926
5057.629597585433 5217.02439343847
5478.503102144184 1690.897499420455
8568.340753455073 1970.2319305374872
8905.199003202397 1006.8964517256318
7407.642908080503 5129.279714681094
6699.2373572454835 6277.62266921698
5373.786744293274 2415.3980530910744
6281.401624583717 5117.271313437808
4814.780097781772 2068.5789465573166
3311.8418928572955 4270.275748853894
7013.021724685714 6811.951104593936
4351.373212277152 5779.972161499874
