120
7905.418928555945 1723.395419810485
4030.7407818884535 2002.7955017311538
4119.255202121248 7780.649127326873
7929.184386419294 5346.310185393587
9961.10519709004 4888.03336686316
5830.281578556561 3813.0670692430867
123.65922827149656 9261.905757693883
3899.067906664293 9486.183841079208
4072.8961178658265 1220.6157901207348
3727.7953754407845 1019.6541232460831
5425.585113388013 6227.307135326099
383.0835343988659 8833.464416680226
433.13544222739586 1615.1280995348193
8845.263636232712 852.5627424166771
8620.476029365711 8891.394168308942
8321.169495491666 5900.401042858787
6554.148658461267 2117.371648522003
3001.5200877051516 8748.370352491838
3789.1450908749234 1842.0921775168674
6491.305860531607 2394.418840681778
2827.908804531305 8921.140535837823
4007.5831442632148 5864.138948144732
5867.026752675487 7566.623146233715
1981.7392339590244 6067.4784797024995
850.0307853054456 6740.32307885898
2381.02008545642 4386.775106851045
8680.75018445713 8750.148742868165
6473.165063993101 9763.18386057743
3595.608796313954 6666.639672576652
233.74772811367683 6270.394477478487
7618.137320703061 7198.2555840526275
9746.879631220583 1721.387008576517
9.027651082031962 1347.76362027618
9014.766617965113 7032.587427088787
2510.4716395786377 9329.84983705476
9897.01303022899 6715.321497008649
9315.060335783157 1461.4533654542072
6178.2287510974975 3891.542903189721
6715.811960624897 8382.8636282843
9763.982011090202 8571.952288040327
7566.2189854324015 4935.811541169375
2161.663450137099 6926.853720205839
4076.943542008609 5271.806336575285
2803.450393579129 1871.9215726928107
1618.2433178998012 7754.277241194703
5779.531547769348 3089.436957140712
8997.924856960692 1657.4465957593466
5902.832396010012 7069.5187831435605
2277.2374207154644 1699.7479242396273
6296.813723266009 378.7649071831556
2074.6622405534386 6426.849764834268
8677.84136254994 9106.006190307648
1070.251065769393 6745.220974264334
5299.229475355356 3263.638578871213
4966.286679043302 4978.905420906689
6137.058127679043 7520.937511683979
1903.776925366052 3150.333674177903
508.61304976924316 1045.8816369520896
3021.2607718556383 5181.535379307327
2601.643332352893 8806.130274301358
1431.6608009249298 6014.87638287476
3871.7571972273677 5276.700751389759
2951.827824021412 1476.6395222122353
1346.6910689195765 7651.526948427466
3280.281947468332 8859.771819571142
2340.4274586558117 7825.485613259583
2075.199144353441 6051.444035389739
3445.0474116960295 3957.3019723748616
6161.769044033512 5656.389775546354
7014.284648285622 2185.5809788529978
3985.8986722086665 7555.723278036454
9374.771023643892 5999.423411048168
1418.1574884254899 4143.569190055907
3510.3297497560648 1636.1182175674671
974.6477672434439 9361.252034336643
3980.2306343936234 5873.818126345678
1669.559102480145 9545.337567867866
5393.17272469895 2757.9439714073173
1287.0050849255988 4261.44457156371
9057.595754187878 2426.4148532991035
7221.020755503186 1983.5868687584434
3612.128599120389 5259.354776261867
5971.7238765600105 4698.668600694545
4808.9119324160165 3689.1720829747533
922.484667595016 9269.545040800074
8540.151004420637 7735.129849795998
6340.609959277207 8385.591224635038
4777.007736176736 3187.833130045535
9818.4888886161 6282.728796472824
9384.781392901445 3796.13771782638
7872.465856509358 7305.863995975858
6624.224737652639 1978.325763314066
2998.5299803851185 51.279724001246365
8134.846118919064 1817.567041644218
7398.71041472856 9260.394105643118
2512.6604389255467 5419.266073640503
3561.2554483983463 2444.8305049797905
8849.267597550443 7229.064427936864
4101.31872118423 3751.5539619558367
7377.690303901601 595.6611220931662
8850.656774269688 3078.163661808605
8254.650753248094 3488.7560533406527
5054.834403625925 7054.614614245213
8632.3635347107 4549.690340372601
3504.3229723790782 184.0857562484488
5520.427073848409 9877.822324812518
9682.059487697656 2662.807017118278
6159.859254364319 6872.360075803035
3384.29575483535 3709.858297282591
5016.2341701104815 4704.6859933778605
1914.7857116829193 5567.116261612632
5597.174209578983 1127.6584612043173
4972.096457259454 1379.4829273598275
290.34922164878463 3321.899751525822
8064.105952870795 7574.88386062279
9312.302104140252 4587.231552389972
7788.09502738396 9044.741496538349
7149.305966974023 7071.567018652788
3059.214960588881 266.09732926913375
8788.816507596477 9732.29854931435
